face02_45deg.mp4
2
4
False
176
141
40
40
0
[]
[]
[]
[]
[]
[]
[]
[]
[]
[]
[]
[]
[]
[]
[]
[]
[]
[]
[]
[]
[]
[]
[]
[]
[]
[]
[]
[]
[]
[]
[]
[]
[]
[]
[]
[]
[]
[]
[]
[]
[]
[]
[]
[]
[]
[]
[]
[]
[]
[]
[]
[]
[]
[]
[]
[]
[]
[]
[]
[]
[]
[]
[]
[]
[]
[]
[]
[]
[]
[]
[[112, 174, 135, 197]]
[]
[[112, 174, 135, 197]]
[[112, 176, 135, 199]]
[]
[[110, 178, 133, 201]]
[[109, 178, 132, 201]]
[[109, 178, 131, 200]]
[[107, 178, 132, 203]]
[[104, 177, 132, 205]]
[[104, 178, 130, 204]]
[[104, 178, 129, 203]]
[[102, 179, 128, 205]]
[[99, 177, 127, 205]]
[[97, 177, 127, 207]]
[]
[[94, 178, 126, 210]]
[[93, 179, 125, 211]]
[[93, 180, 124, 211]]
[[91, 180, 124, 213]]
[[90, 181, 125, 216]]
[[90, 180, 125, 215]]
[[89, 179, 126, 216]]
[[90, 179, 126, 215]]
[[89, 179, 126, 216]]
[[87, 177, 129, 219]]
[[87, 177, 127, 217]]
[[86, 178, 128, 220]]
[[84, 177, 128, 221]]
[[83, 178, 127, 222]]
[[81, 179, 126, 224]]
[[78, 180, 126, 228]]
[[77, 182, 123, 228]]
[[74, 181, 124, 231]]
[[71, 183, 121, 233]]
[[69, 182, 121, 234]]
[[68, 184, 118, 234]]
[[65, 183, 118, 236]]
[[60, 181, 116, 237]]
[[58, 181, 114, 237]]
[[55, 179, 113, 237]]
[[51, 177, 111, 237]]
[[48, 179, 108, 239]]
[]
[]
[]
[]
[]
[]
[]
[]
[]
[]
[]
[]
[]
[]
[]
[]
[]
[]
[]
[]
[]
[]
[]
[]
[]
[]
[]
[]
