face01_30deg.mp4
2
8
False
341
340
62
62
0
[]
[]
[]
[]
[]
[]
[]
[]
[]
[]
[]
[]
[]
[]
[]
[]
[]
[]
[]
[]
[]
[]
[]
[]
[]
[]
[]
[]
[]
[]
[]
[]
[]
[]
[]
[]
[]
[]
[]
[]
[]
[]
[]
[]
[]
[]
[]
[]
[[24, 14, 70, 60]]
[]
[]
[]
[]
[]
[]
[]
[]
[]
[]
[]
[]
[]
[]
[]
[]
[]
[]
[]
[]
[]
[]
[]
[]
[]
[]
[]
[]
[]
[]
[]
[]
[]
[]
[]
[]
[]
[]
[]
[]
[]
[]
[]
[[19, 6, 69, 56]]
[]
[]
[]
[]
[]
[]
[]
[]
[]
[]
[]
[]
[]
[]
[]
[]
[]
[]
[]
[]
[]
[]
[]
[]
[]
[]
[]
[]
[]
[]
[]
[]
[]
[]
[]
[]
[]
[]
[]
[]
[]
[]
[]
[]
[]
[]
[]
[]
[]
[]
[]
[]
[]
[]
[]
[]
[]
[]
[]
[]
[]
[]
[]
[]
[]
[]
[]
[]
[]
[]
[]
[]
[]
[]
[]
[]
[]
[]
[]
[]
[]
[]
[]
[]
[]
[]
[]
[]
[]
[]
[]
[]
[]
[]
[]
[]
[]
[]
[]
[]
[]
[]
[]
[]
[]
[]
[]
[]
[]
[]
[]
[]
[]
[]
[]
[]
[]
[]
[]
[]
[]
[]
[]
[]
[]
[]
[]
[]
[]
[]
[]
[]
[]
[]
[]
[]
[]
[]
[]
[[60, 100, 81, 121]]
[]
[]
[[60, 101, 82, 123]]
[[60, 102, 82, 124]]
[[60, 103, 81, 124]]
[[59, 102, 82, 125]]
[[58, 102, 83, 127]]
[[59, 103, 83, 127]]
[[59, 104, 81, 126]]
[[59, 104, 83, 128]]
[[58, 104, 82, 128]]
[[58, 104, 82, 128]]
[[59, 104, 83, 128]]
[[57, 105, 81, 129]]
[[57, 106, 82, 131]]
[[58, 106, 82, 130]]
[[57, 106, 82, 131]]
[[56, 106, 83, 133]]
[[57, 106, 84, 133]]
[[57, 109, 82, 134]]
[[57, 110, 83, 136]]
[[55, 109, 84, 138]]
[[55, 111, 83, 139]]
[[55, 111, 84, 140]]
[[56, 111, 84, 139]]
[[55, 112, 85, 142]]
[[55, 112, 86, 143]]
[[55, 113, 86, 144]]
[[55, 114, 86, 145]]
[[54, 114, 87, 147]]
[[54, 114, 86, 146]]
[[54, 115, 87, 148]]
[[53, 114, 89, 150]]
[[53, 116, 88, 151]]
[[53, 116, 88, 151]]
[[53, 118, 89, 154]]
[[53, 119, 90, 156]]
[[53, 120, 91, 158]]
[[52, 121, 91, 160]]
[[51, 122, 91, 162]]
[[51, 124, 91, 164]]
[[51, 125, 92, 166]]
[[51, 126, 93, 168]]
[[50, 126, 94, 170]]
[[51, 129, 94, 172]]
[[51, 130, 95, 174]]
[[52, 131, 95, 174]]
[[49, 131, 96, 178]]
[[49, 131, 96, 178]]
[[48, 132, 97, 181]]
[[48, 132, 97, 181]]
[[48, 131, 99, 182]]
[[46, 131, 98, 183]]
[[46, 131, 99, 184]]
[[46, 130, 100, 184]]
[[45, 130, 100, 185]]
[[44, 129, 101, 186]]
[[44, 128, 103, 187]]
[[42, 128, 101, 187]]
[[43, 126, 102, 185]]
[[41, 127, 100, 186]]
[]
[]
[]
[]
[]
[]
[]
[]
[]
[]
[]
[]
[]
[]
[]
[]
[]
[]
[]
[]
[]
[]
[]
[]
[]
[]
[]
[]
[]
[]
[]
[]
[]
[]
[]
[]
[]
[]
[]
[]
[]
[]
[]
[]
[]
[]
