face01_60deg.mp4
2
2
True
389
88
20
18
2
[]
[]
[]
[]
[]
[]
[]
[]
[]
[]
[]
[]
[]
[]
[[50, 682, 82, 714]]
[]
[]
[]
[]
[]
[]
[]
[]
[]
[]
[]
[]
[]
[]
[[80, 726, 123, 769]]
[]
[]
[]
[]
[]
[]
[[264, 387, 298, 421], [138, 682, 176, 720]]
[[263, 387, 299, 423]]
[[266, 392, 303, 429], [143, 868, 203, 928]]
[[276, 395, 314, 433]]
[[286, 396, 324, 434]]
[]
[[295, 398, 335, 438]]
[[296, 401, 336, 441]]
[[291, 400, 335, 444]]
[[287, 397, 332, 442]]
[]
[]
[[277, 389, 326, 438]]
[[278, 383, 330, 435]]
[[278, 382, 330, 434]]
[[280, 378, 336, 434]]
[[282, 384, 337, 439]]
[]
[[281, 380, 339, 438]]
[[277, 381, 335, 439]]
[]
[]
[]
[]
[]
[]
[]
[]
[]
[]
[]
[]
[]
[]
[]
[]
[]
[]
[]
[]
[]
[]
[]
[]
[]
[]
[]
[]
[]
[]
[]
[]
