face01_0deg.mp4
2
2
False
414
92
71
56
13
[[267, 379, 289, 401]]
[[266, 379, 288, 401]]
[[266, 379, 288, 401]]
[[266, 378, 288, 400]]
[[266, 379, 288, 401], [90, 864, 131, 905]]
[[268, 379, 290, 401]]
[]
[[270, 380, 292, 402]]
[[270, 378, 294, 402]]
[]
[[267, 378, 289, 400], [352, 702, 388, 738]]
[[261, 378, 285, 402]]
[[260, 378, 282, 400]]
[[256, 377, 281, 402], [283, 698, 320, 735]]
[[253, 378, 277, 402]]
[[251, 378, 276, 403]]
[[252, 378, 276, 402]]
[[252, 379, 278, 405], [61, 875, 102, 916], [265, 812, 315, 862]]
[[252, 377, 278, 403], [55, 896, 98, 939]]
[[254, 380, 279, 405], [277, 770, 323, 816], [348, 811, 396, 859]]
[[253, 380, 278, 405]]
[[252, 378, 277, 403], [278, 799, 328, 849]]
[]
[[248, 377, 276, 405]]
[[248, 376, 278, 406]]
[[252, 378, 280, 406]]
[[252, 375, 282, 405]]
[[253, 375, 285, 407]]
[[255, 376, 287, 408], [3, 871, 43, 911]]
[[254, 378, 285, 409]]
[[253, 378, 285, 410]]
[[251, 375, 283, 407]]
[[247, 373, 283, 409]]
[[246, 374, 281, 409]]
[[245, 373, 281, 409]]
[[247, 371, 283, 407]]
[[248, 368, 286, 406]]
[[278, 632, 312, 666], [251, 370, 289, 408]]
[[250, 367, 291, 408]]
[[250, 366, 290, 406]]
[[248, 363, 289, 404], [486, 843, 532, 889]]
[[243, 362, 284, 403]]
[[243, 364, 286, 407], [390, 629, 425, 664]]
[[243, 364, 288, 409]]
[[243, 362, 288, 407]]
[[244, 361, 291, 408]]
[[244, 361, 292, 409]]
[[244, 358, 293, 407]]
[[241, 357, 292, 408]]
[[389, 672, 430, 713], [238, 357, 292, 411]]
[[235, 357, 288, 410]]
[[235, 361, 289, 415], [393, 699, 441, 747]]
[[234, 363, 292, 421]]
[[235, 365, 290, 420]]
[[237, 367, 296, 426]]
[[237, 376, 297, 436]]
[[238, 383, 298, 443]]
[[108, 841, 160, 893]]
[[114, 806, 168, 860]]
[]
[]
[]
[]
[]
[]
[]
[]
[]
[]
[]
[]
[]
[]
[]
[]
[]
[]
[]
[]
[]
[]
[]
[]
[]
[]
[]
[]
[]
[]
[]
[]
[]
