face01_45deg.mp4
2
8
False
435
434
68
68
0
[]
[]
[]
[]
[]
[]
[]
[]
[]
[]
[]
[]
[]
[]
[]
[]
[]
[]
[]
[]
[]
[]
[]
[]
[]
[]
[]
[]
[]
[]
[]
[]
[]
[]
[]
[]
[]
[]
[]
[]
[]
[]
[]
[]
[]
[]
[]
[]
[]
[]
[]
[]
[]
[]
[]
[]
[]
[]
[]
[]
[]
[]
[]
[]
[]
[]
[]
[]
[]
[]
[]
[]
[]
[]
[]
[]
[]
[]
[]
[]
[]
[]
[]
[]
[]
[]
[]
[]
[]
[]
[]
[]
[]
[]
[]
[]
[]
[]
[]
[]
[]
[]
[]
[]
[]
[]
[]
[]
[]
[]
[]
[]
[]
[]
[]
[]
[]
[]
[]
[]
[]
[]
[]
[]
[]
[]
[]
[]
[]
[]
[]
[]
[]
[]
[]
[]
[]
[]
[]
[]
[]
[]
[]
[]
[]
[]
[]
[]
[]
[]
[]
[]
[]
[]
[]
[]
[]
[]
[]
[]
[]
[]
[]
[]
[]
[]
[]
[]
[]
[]
[]
[]
[]
[]
[]
[]
[]
[]
[]
[]
[]
[]
[]
[]
[]
[]
[]
[]
[]
[]
[]
[]
[]
[]
[]
[]
[]
[]
[]
[]
[]
[]
[]
[]
[]
[]
[]
[]
[]
[]
[]
[]
[]
[]
[]
[]
[]
[]
[]
[]
[]
[]
[]
[]
[]
[]
[]
[]
[]
[]
[]
[]
[]
[]
[]
[]
[]
[]
[]
[]
[]
[]
[]
[]
[]
[]
[]
[]
[]
[]
[]
[]
[]
[]
[]
[]
[]
[]
[]
[]
[]
[]
[]
[]
[]
[]
[]
[]
[]
[]
[]
[]
[]
[]
[]
[]
[]
[]
[]
[]
[]
[]
[]
[]
[]
[]
[]
[]
[]
[]
[]
[]
[]
[]
[]
[]
[]
[[70, 98, 92, 120]]
[]
[]
[[69, 98, 92, 121]]
[[69, 98, 92, 121]]
[]
[]
[]
[]
[[66, 97, 93, 124]]
[[68, 98, 92, 122]]
[[66, 98, 92, 124]]
[]
[[66, 97, 92, 123]]
[[65, 96, 93, 124]]
[[66, 97, 93, 124]]
[[64, 96, 93, 125]]
[[64, 96, 94, 126]]
[[64, 97, 92, 125]]
[[64, 97, 92, 125]]
[[63, 96, 93, 126]]
[[63, 96, 94, 127]]
[[63, 97, 93, 127]]
[[61, 96, 93, 128]]
[[63, 96, 94, 127]]
[[62, 96, 95, 129]]
[[61, 95, 95, 129]]
[[62, 95, 94, 127]]
[[61, 94, 96, 129]]
[[62, 94, 96, 128]]
[[60, 93, 96, 129]]
[[60, 93, 95, 128]]
[[61, 93, 96, 128]]
[[59, 92, 95, 128]]
[[60, 92, 97, 129]]
[[60, 92, 96, 128]]
[[60, 91, 97, 128]]
[[61, 92, 97, 128]]
[[61, 91, 98, 128]]
[[61, 91, 99, 129]]
[[60, 91, 101, 132]]
[[60, 91, 101, 132]]
[[61, 92, 102, 133]]
[[61, 92, 102, 133]]
[[62, 92, 103, 133]]
[[62, 93, 104, 135]]
[[61, 93, 104, 136]]
[[61, 93, 105, 137]]
[[61, 93, 105, 137]]
[[61, 94, 106, 139]]
[[60, 93, 105, 138]]
[[60, 92, 107, 139]]
[[58, 91, 106, 139]]
[[59, 91, 107, 139]]
[[58, 90, 106, 138]]
[[58, 89, 107, 138]]
[[56, 88, 106, 138]]
[[56, 87, 107, 138]]
[[56, 87, 106, 137]]
[[54, 85, 109, 140]]
[[54, 86, 106, 138]]
[[53, 84, 108, 139]]
[[53, 83, 108, 138]]
[[52, 83, 109, 140]]
[[51, 82, 108, 139]]
[[51, 83, 107, 139]]
[[50, 84, 107, 141]]
[[52, 84, 109, 141]]
[[50, 84, 108, 142]]
[[50, 84, 108, 142]]
[[49, 84, 108, 143]]
[[48, 82, 108, 142]]
[[49, 82, 109, 142]]
[[47, 83, 107, 143]]
[[47, 83, 107, 143]]
[]
[]
[]
[]
[]
[]
[]
[]
[]
[]
[]
[]
[]
[]
[]
[]
[]
[]
[]
[]
[]
[]
[]
[]
[]
[]
[]
[]
[]
[]
[]
[]
[]
[]
[]
[]
[]
[]
[]
[]
[]
[]
[]
[]
[]
[]
[]
[]
[]
[]
[]
[]
[]
[]
[]
[]
[]
[]
[]
[]
[]
[]
