face01_60deg.mp4
2
4
True
389
332
48
48
0
[]
[]
[]
[]
[]
[]
[]
[]
[]
[]
[]
[]
[]
[]
[]
[]
[]
[]
[]
[]
[]
[]
[]
[]
[]
[]
[]
[]
[]
[]
[]
[]
[]
[]
[]
[]
[]
[]
[]
[]
[]
[]
[]
[]
[]
[]
[]
[]
[]
[]
[]
[]
[]
[]
[]
[]
[]
[]
[]
[]
[]
[]
[]
[]
[]
[]
[]
[]
[]
[]
[]
[]
[]
[]
[]
[]
[]
[]
[]
[]
[]
[]
[]
[]
[]
[]
[]
[]
[]
[]
[]
[]
[]
[]
[]
[]
[]
[]
[]
[]
[]
[]
[]
[]
[]
[]
[]
[]
[]
[]
[]
[]
[]
[]
[]
[]
[]
[]
[]
[]
[]
[]
[]
[]
[]
[]
[]
[]
[]
[]
[]
[]
[]
[]
[]
[]
[]
[]
[]
[]
[]
[]
[]
[]
[]
[]
[]
[]
[]
[]
[]
[]
[]
[]
[]
[]
[]
[]
[]
[]
[]
[]
[]
[]
[]
[]
[]
[]
[]
[]
[]
[]
[]
[[144, 199, 166, 221]]
[]
[[144, 198, 166, 220]]
[[144, 198, 166, 220]]
[]
[]
[]
[]
[]
[[140, 196, 164, 220]]
[]
[]
[]
[]
[]
[]
[]
[]
[]
[]
[]
[]
[]
[]
[]
[]
[]
[]
[[142, 190, 171, 219]]
[[138, 188, 172, 222]]
[]
[[139, 190, 171, 222]]
[[139, 190, 172, 223]]
[[138, 189, 171, 222]]
[[137, 189, 171, 223]]
[[138, 189, 171, 222]]
[]
[]
[]
[[136, 188, 171, 223]]
[[135, 187, 173, 225]]
[[134, 187, 172, 225]]
[[133, 186, 173, 226]]
[[133, 186, 174, 227]]
[[134, 187, 174, 227]]
[[133, 188, 175, 230]]
[[134, 187, 176, 229]]
[[135, 189, 176, 230]]
[[136, 191, 175, 230]]
[[135, 189, 178, 232]]
[[135, 190, 178, 233]]
[[135, 189, 178, 232]]
[[133, 188, 180, 235]]
[[134, 188, 181, 235]]
[[133, 188, 180, 235]]
[[133, 188, 181, 236]]
[[133, 188, 180, 235]]
[[130, 187, 180, 237]]
[[131, 188, 178, 235]]
[[128, 187, 176, 235]]
[[127, 184, 177, 234]]
[[127, 186, 177, 236]]
[[127, 187, 179, 239]]
[[128, 187, 181, 240]]
[[127, 188, 182, 243]]
[[127, 187, 184, 244]]
[[128, 187, 185, 244]]
[[127, 185, 183, 241]]
[[129, 186, 183, 240]]
[[127, 186, 183, 242]]
[[128, 186, 184, 242]]
[[127, 187, 181, 241]]
[[126, 183, 184, 241]]
[]
[[121, 179, 181, 239]]
[[121, 178, 181, 238]]
[[119, 178, 179, 238]]
[]
[]
[]
[]
[]
[]
[]
[]
[]
[]
[]
[]
[]
[]
[]
[]
[]
[]
[]
[]
[]
[]
[]
[]
[]
[]
[]
[]
[]
[]
[]
[]
[]
[]
[]
[]
[]
[]
[]
[]
[]
[]
[]
[]
[]
[]
[]
[]
[]
[]
[]
[]
[]
[]
[]
[]
[]
[]
[]
[]
[]
[]
[]
[]
[]
[]
[]
[]
[]
[]
[]
[]
[]
[]
[]
[]
[]
[]
[]
[]
[]
[]
