face02_45deg.mp4
2
8
True
176
175
31
31
0
[]
[]
[]
[]
[]
[]
[]
[]
[]
[]
[]
[]
[]
[]
[]
[]
[]
[]
[]
[]
[]
[]
[]
[]
[]
[]
[]
[]
[]
[]
[]
[]
[]
[]
[]
[]
[]
[]
[]
[]
[]
[]
[]
[]
[]
[]
[]
[]
[]
[]
[]
[]
[]
[]
[]
[]
[]
[]
[]
[]
[]
[]
[]
[]
[]
[]
[]
[]
[]
[]
[]
[]
[]
[]
[]
[]
[]
[]
[]
[]
[]
[]
[]
[]
[]
[]
[]
[]
[]
[]
[]
[]
[]
[]
[]
[]
[]
[]
[]
[]
[]
[]
[]
[]
[]
[]
[]
[]
[]
[]
[]
[]
[]
[]
[]
[]
[]
[]
[]
[]
[]
[]
[[42, 89, 64, 111]]
[[41, 88, 64, 111]]
[[40, 88, 63, 111]]
[[40, 89, 64, 113]]
[[40, 89, 64, 113]]
[[38, 90, 62, 114]]
[[37, 90, 63, 116]]
[[37, 90, 62, 115]]
[[36, 90, 62, 116]]
[[34, 90, 63, 119]]
[[33, 90, 62, 119]]
[[32, 91, 60, 119]]
[[30, 89, 63, 122]]
[[28, 89, 61, 122]]
[[26, 87, 62, 123]]
[[26, 88, 61, 123]]
[[24, 86, 62, 124]]
[[22, 85, 61, 124]]
[[21, 85, 61, 125]]
[[19, 84, 60, 125]]
[[18, 85, 61, 128]]
[[16, 84, 61, 129]]
[[16, 84, 62, 130]]
[[13, 84, 61, 132]]
[[11, 83, 60, 132]]
[[10, 84, 61, 135]]
[[7, 85, 59, 137]]
[[6, 84, 59, 137]]
[[3, 84, 59, 140]]
[[3, 85, 58, 140]]
[[2, 84, 59, 141]]
[]
[]
[]
[]
[]
[]
[]
[]
[]
[]
[]
[]
[]
[]
[]
[]
[]
[]
[]
[]
[]
[]
