face02_30deg.mp4
2
2
False
187
40
24
24
0
[[285, 293, 314, 322]]
[[286, 291, 316, 321]]
[[283, 289, 318, 324]]
[[286, 292, 315, 321]]
[]
[[286, 287, 318, 319]]
[]
[[290, 288, 322, 320]]
[[286, 289, 321, 324]]
[[284, 289, 317, 322]]
[[278, 285, 316, 323]]
[]
[[269, 289, 307, 327]]
[[267, 290, 305, 328]]
[[264, 292, 304, 332]]
[[265, 292, 306, 333]]
[[262, 299, 304, 341]]
[[257, 303, 299, 345]]
[[250, 305, 294, 349]]
[[241, 303, 288, 350]]
[[236, 312, 284, 360]]
[[237, 317, 288, 368]]
[[238, 319, 291, 372]]
[[238, 321, 294, 377]]
[[238, 332, 294, 388]]
[[233, 340, 290, 397]]
[[225, 346, 285, 406]]
[]
[]
[]
[]
[]
[]
[]
[]
[]
[]
[]
[]
[]
