face01_45deg.mp4
2
4
False
435
365
98
98
0
[]
[]
[]
[]
[]
[]
[]
[]
[]
[]
[]
[]
[]
[]
[]
[]
[]
[]
[]
[]
[]
[]
[]
[]
[]
[]
[]
[]
[]
[]
[]
[]
[]
[]
[]
[]
[]
[]
[]
[]
[]
[]
[]
[]
[]
[]
[]
[]
[]
[]
[]
[]
[]
[]
[]
[]
[]
[]
[]
[]
[]
[]
[]
[]
[]
[]
[]
[]
[]
[]
[]
[]
[]
[]
[]
[]
[]
[]
[]
[]
[]
[]
[]
[]
[]
[]
[]
[]
[]
[]
[]
[]
[]
[]
[]
[]
[]
[]
[]
[]
[]
[]
[]
[]
[]
[]
[]
[]
[]
[]
[]
[]
[]
[]
[]
[]
[]
[]
[]
[]
[]
[]
[]
[]
[]
[]
[]
[]
[]
[]
[]
[]
[]
[]
[]
[]
[]
[]
[]
[]
[]
[]
[]
[]
[]
[]
[]
[]
[]
[]
[]
[]
[]
[]
[]
[]
[]
[]
[]
[]
[]
[]
[]
[]
[]
[]
[]
[]
[]
[]
[]
[]
[]
[]
[]
[]
[]
[]
[]
[]
[]
[]
[]
[]
[]
[]
[]
[[133, 195, 155, 217]]
[]
[]
[[132, 195, 154, 217]]
[[132, 194, 154, 216]]
[[132, 194, 154, 216]]
[[132, 194, 155, 217]]
[[132, 194, 155, 217]]
[[131, 193, 155, 217]]
[[132, 194, 155, 217]]
[[132, 195, 154, 217]]
[[131, 195, 154, 218]]
[[131, 196, 154, 219]]
[[131, 195, 155, 219]]
[[131, 194, 155, 218]]
[]
[[133, 194, 156, 217]]
[[133, 195, 157, 219]]
[[133, 196, 156, 219]]
[[133, 195, 157, 219]]
[[134, 194, 160, 220]]
[[134, 195, 159, 220]]
[[135, 195, 160, 220]]
[[136, 196, 162, 222]]
[]
[[136, 195, 162, 221]]
[[136, 195, 162, 221]]
[]
[[137, 197, 164, 224]]
[[138, 198, 164, 224]]
[[137, 197, 166, 226]]
[[139, 199, 166, 226]]
[[139, 200, 166, 227]]
[[138, 199, 167, 228]]
[[139, 199, 168, 228]]
[[140, 199, 168, 227]]
[[138, 198, 170, 230]]
[[139, 199, 167, 227]]
[[137, 198, 169, 230]]
[[137, 198, 169, 230]]
[[138, 198, 169, 229]]
[[138, 198, 170, 230]]
[[137, 197, 170, 230]]
[[136, 197, 169, 230]]
[[136, 197, 170, 231]]
[[137, 198, 169, 230]]
[[135, 198, 169, 232]]
[[136, 200, 170, 234]]
[[136, 199, 170, 233]]
[[135, 200, 170, 235]]
[[136, 199, 170, 233]]
[[134, 198, 172, 236]]
[[136, 198, 173, 235]]
[[136, 199, 172, 235]]
[[136, 198, 173, 235]]
[[136, 198, 174, 236]]
[[134, 196, 174, 236]]
[[136, 196, 174, 234]]
[[136, 196, 174, 234]]
[[136, 196, 175, 235]]
[[137, 195, 177, 235]]
[[138, 194, 179, 235]]
[[137, 194, 178, 235]]
[[139, 194, 180, 235]]
[[140, 196, 181, 237]]
[[138, 196, 181, 239]]
[[140, 197, 182, 239]]
[[139, 197, 182, 240]]
[[139, 195, 183, 239]]
[[139, 196, 182, 239]]
[[140, 197, 182, 239]]
[[139, 197, 184, 242]]
[[139, 199, 183, 243]]
[[137, 198, 184, 245]]
[[137, 198, 184, 245]]
[[136, 197, 184, 245]]
[[137, 197, 184, 244]]
[[136, 197, 185, 246]]
[[135, 196, 185, 246]]
[[135, 196, 185, 246]]
[[135, 196, 185, 246]]
[[133, 196, 184, 247]]
[[133, 195, 185, 247]]
[[132, 195, 185, 248]]
[[132, 196, 185, 249]]
[[132, 196, 184, 248]]
[[130, 195, 184, 249]]
[[128, 195, 184, 251]]
[[129, 195, 185, 251]]
[[129, 196, 185, 252]]
[[128, 196, 184, 252]]
[[128, 193, 186, 251]]
[[128, 193, 187, 252]]
[[129, 193, 188, 252]]
[[128, 192, 186, 250]]
[[129, 192, 187, 250]]
[[127, 191, 187, 251]]
[[129, 189, 189, 249]]
[[129, 189, 189, 249]]
[[128, 189, 188, 249]]
[[130, 187, 190, 247]]
[]
[[131, 190, 191, 250]]
[]
[[133, 190, 193, 250]]
[]
[]
[]
[]
[]
[]
[]
[]
[]
[]
[]
[]
[]
[]
[]
[]
[]
[]
[]
[]
[]
[]
[]
[]
[]
[]
[]
[]
[]
[]
[]
[]
[]
[]
[]
[]
[]
[]
[]
[]
[]
[]
[]
[]
[]
[]
[]
[]
[]
[]
[]
[]
[]
[]
[]
[]
[]
[]
[]
[]
[]
[]
[]
[]
[]
[]
[]
[]
[]
[]
[]
[]
[]
