face01_45deg.mp4
2
2
False
435
97
57
53
4
[]
[]
[[268, 427, 289, 448]]
[[299, 809, 339, 849]]
[[302, 810, 343, 851]]
[[305, 810, 347, 852]]
[[306, 810, 349, 853]]
[]
[[301, 821, 344, 864]]
[]
[[297, 837, 342, 882]]
[[293, 846, 339, 892]]
[[291, 856, 339, 904]]
[[260, 427, 281, 448]]
[]
[]
[[268, 427, 290, 449]]
[]
[]
[]
[[266, 423, 288, 445]]
[]
[[262, 419, 284, 441]]
[[259, 418, 284, 443]]
[[260, 417, 285, 442]]
[[261, 416, 285, 440]]
[[263, 413, 288, 438]]
[[266, 411, 290, 435]]
[[266, 409, 293, 436]]
[[267, 406, 293, 432]]
[[268, 403, 295, 430]]
[[267, 399, 293, 425]]
[[265, 395, 292, 422]]
[[265, 394, 294, 423]]
[[268, 394, 296, 422]]
[[268, 393, 299, 424]]
[[270, 392, 300, 422]]
[[271, 394, 302, 425]]
[[270, 392, 304, 426]]
[[271, 393, 303, 425]]
[[269, 393, 303, 427], [313, 866, 351, 904]]
[[263, 388, 301, 426]]
[[264, 391, 301, 428]]
[[265, 391, 302, 428]]
[[265, 389, 304, 428]]
[[268, 389, 306, 427]]
[[269, 389, 310, 430], [5, 855, 51, 901]]
[[267, 391, 309, 433]]
[[266, 389, 309, 432]]
[[266, 389, 309, 432]]
[[264, 390, 308, 434], [254, 864, 309, 919]]
[[266, 393, 308, 435], [396, 898, 446, 948]]
[[268, 390, 315, 437]]
[[270, 391, 317, 438]]
[[275, 392, 324, 441]]
[[276, 395, 329, 448]]
[[280, 400, 334, 454]]
[[280, 399, 336, 455]]
[[279, 400, 336, 457]]
[[277, 399, 334, 456]]
[[278, 404, 336, 462]]
[[277, 404, 337, 464]]
[[280, 399, 340, 459]]
[]
[]
[]
[]
[]
[]
[]
[]
[]
[]
[]
[]
[]
[]
[]
[]
[]
[]
[]
[]
[]
[]
[]
[]
[]
[]
[]
[]
[]
[]
[]
[]
[]
[]
