face02_0deg.mp4
2
4
True
130
102
33
33
0
[]
[]
[]
[]
[]
[]
[]
[]
[]
[]
[]
[]
[]
[]
[]
[]
[]
[]
[]
[]
[]
[]
[]
[]
[]
[]
[]
[]
[]
[]
[]
[]
[]
[]
[]
[]
[]
[]
[]
[]
[]
[]
[[125, 174, 149, 198]]
[]
[[124, 173, 149, 198]]
[[123, 176, 147, 200]]
[[124, 178, 147, 201]]
[[124, 179, 147, 202]]
[[124, 179, 148, 203]]
[[123, 179, 147, 203]]
[[123, 179, 147, 203]]
[[120, 179, 147, 206]]
[[120, 180, 147, 207]]
[]
[]
[[115, 178, 149, 212]]
[[117, 181, 148, 212]]
[]
[[116, 185, 149, 218]]
[[113, 184, 149, 220]]
[[115, 189, 150, 224]]
[[114, 190, 150, 226]]
[[112, 188, 152, 228]]
[[112, 191, 152, 231]]
[[112, 192, 151, 231]]
[[110, 191, 152, 233]]
[[110, 196, 152, 238]]
[[108, 197, 152, 241]]
[[107, 199, 152, 244]]
[[108, 202, 152, 246]]
[[103, 204, 151, 252]]
[[103, 206, 152, 255]]
[[99, 210, 150, 261]]
[[98, 213, 151, 266]]
[[96, 215, 151, 270]]
[[92, 221, 151, 280]]
[[92, 224, 150, 282]]
[[90, 227, 149, 286]]
[[88, 229, 148, 289]]
[]
[]
[]
[]
[]
[]
[]
[]
[]
[]
[]
[]
[]
[]
[]
[]
[]
[]
[]
[]
[]
[]
[]
