face02_30deg.mp4
2
2
True
187
40
24
24
0
[[285, 293, 314, 322]]
[[286, 291, 316, 321]]
[[283, 289, 318, 324]]
[[286, 292, 315, 321]]
[]
[[286, 287, 318, 319]]
[]
[[290, 288, 322, 320]]
[[286, 289, 321, 324]]
[[284, 289, 317, 322]]
[[278, 285, 316, 323]]
[]
[[269, 289, 307, 327]]
[[267, 290, 305, 328]]
[[264, 292, 305, 333]]
[[264, 292, 306, 334]]
[[263, 298, 305, 340]]
[[259, 304, 301, 346]]
[[252, 304, 297, 349]]
[[244, 303, 290, 349]]
[[237, 312, 285, 360]]
[[236, 316, 287, 367]]
[[239, 318, 290, 369]]
[[238, 320, 293, 375]]
[[237, 330, 293, 386]]
[[232, 339, 290, 397]]
[[225, 344, 285, 404]]
[]
[]
[]
[]
[]
[]
[]
[]
[]
[]
[]
[]
[]
