face01_0deg.mp4
2
4
False
414
350
117
117
0
[]
[]
[]
[]
[]
[]
[]
[]
[]
[]
[]
[]
[]
[]
[]
[]
[]
[]
[]
[]
[]
[]
[]
[]
[]
[]
[]
[]
[]
[]
[]
[]
[]
[]
[]
[]
[]
[]
[]
[]
[]
[]
[]
[]
[]
[]
[]
[]
[]
[]
[]
[]
[]
[]
[]
[]
[]
[]
[]
[]
[]
[]
[]
[]
[]
[]
[]
[]
[]
[]
[]
[]
[]
[]
[]
[]
[]
[]
[]
[]
[]
[]
[]
[]
[]
[]
[]
[]
[]
[]
[]
[]
[]
[]
[]
[]
[]
[]
[]
[]
[]
[]
[]
[]
[]
[]
[[79, 149, 119, 189]]
[]
[]
[]
[]
[]
[]
[]
[]
[]
[]
[]
[]
[]
[[77, 147, 117, 187]]
[]
[]
[]
[]
[]
[]
[]
[]
[]
[]
[]
[[72, 141, 120, 189]]
[]
[]
[]
[]
[]
[]
[]
[]
[]
[]
[]
[[123, 183, 145, 205]]
[]
[]
[[124, 183, 146, 205]]
[[124, 183, 145, 204]]
[]
[[124, 183, 146, 205]]
[[124, 183, 146, 205]]
[[124, 183, 146, 205]]
[[124, 183, 146, 205]]
[[123, 181, 146, 204]]
[[123, 181, 147, 205]]
[]
[]
[]
[[121, 180, 144, 203]]
[[121, 180, 144, 203]]
[[122, 180, 144, 202]]
[[119, 180, 143, 204]]
[[120, 182, 142, 204]]
[[120, 182, 142, 204]]
[[120, 182, 142, 204]]
[[119, 180, 142, 203]]
[[119, 180, 143, 204]]
[[121, 182, 143, 204]]
[[121, 181, 145, 205]]
[[119, 181, 143, 205]]
[[122, 182, 144, 204]]
[[121, 181, 144, 204]]
[[120, 180, 144, 204]]
[[121, 181, 145, 205]]
[[121, 181, 144, 204]]
[[121, 180, 145, 204]]
[[121, 180, 144, 203]]
[[121, 180, 145, 204]]
[[122, 180, 146, 204]]
[[122, 180, 146, 204]]
[[122, 180, 146, 204]]
[[121, 178, 148, 205]]
[[121, 178, 148, 205]]
[[122, 178, 148, 204]]
[[121, 178, 148, 205]]
[[120, 178, 146, 204]]
[[120, 178, 146, 204]]
[[121, 178, 146, 203]]
[[120, 178, 145, 203]]
[[120, 178, 147, 205]]
[[119, 177, 146, 204]]
[[120, 178, 146, 204]]
[[119, 179, 145, 205]]
[[117, 176, 146, 205]]
[[116, 177, 146, 207]]
[[116, 177, 146, 207]]
[[116, 179, 146, 209]]
[[115, 179, 146, 210]]
[[115, 179, 147, 211]]
[[116, 179, 147, 210]]
[[114, 178, 147, 211]]
[[115, 179, 148, 212]]
[[115, 180, 148, 213]]
[[115, 180, 148, 213]]
[[115, 180, 148, 213]]
[[115, 180, 148, 213]]
[[115, 180, 147, 212]]
[[115, 180, 149, 214]]
[[114, 179, 150, 215]]
[[115, 181, 151, 217]]
[[115, 181, 150, 216]]
[[116, 182, 151, 217]]
[[116, 181, 152, 217]]
[[116, 182, 154, 220]]
[[115, 184, 153, 222]]
[[115, 185, 153, 223]]
[[116, 186, 153, 223]]
[[115, 187, 153, 225]]
[[113, 187, 153, 227]]
[[113, 188, 152, 227]]
[[112, 188, 152, 228]]
[[111, 189, 153, 231]]
[[111, 191, 152, 232]]
[[110, 191, 151, 232]]
[[108, 192, 151, 235]]
[[108, 194, 151, 237]]
[[107, 195, 151, 239]]
[[107, 196, 150, 239]]
[[106, 199, 148, 241]]
[[104, 199, 148, 243]]
[[102, 199, 148, 245]]
[[103, 201, 149, 247]]
[[101, 206, 148, 253]]
[[101, 207, 150, 256]]
[[100, 207, 149, 256]]
[[100, 209, 149, 258]]
[[101, 211, 149, 259]]
[[101, 213, 150, 262]]
[[100, 214, 150, 264]]
[[101, 214, 152, 265]]
[[101, 216, 152, 267]]
[[101, 216, 152, 267]]
[[101, 217, 153, 269]]
[[102, 218, 155, 271]]
[[102, 220, 154, 272]]
[[102, 221, 156, 275]]
[[102, 221, 156, 275]]
[[103, 222, 157, 276]]
[[104, 223, 158, 277]]
[[103, 222, 159, 278]]
[[104, 224, 159, 279]]
[[105, 227, 161, 283]]
[[104, 227, 163, 286]]
[[106, 228, 163, 285]]
[[105, 228, 163, 286]]
[[105, 227, 165, 287]]
[[103, 230, 161, 288]]
[[104, 231, 163, 290]]
[[103, 230, 163, 290]]
[[103, 230, 163, 290]]
[[102, 230, 162, 290]]
[[100, 229, 160, 289]]
[]
[[100, 230, 160, 290]]
[]
[]
[]
[]
[]
[]
[]
[]
[]
[]
[]
[]
[]
[]
[]
[]
[]
[]
[]
[]
[]
[]
[]
[]
[]
[]
[]
[]
[]
[]
[]
[]
[]
[]
[]
[]
[]
[]
[]
[]
[]
[]
[]
[]
[]
[]
[]
[]
[]
[]
[]
[]
[]
[]
[]
[]
[]
[]
[]
[]
[]
[]
[]
[]
[]
[]
[]
[]
[]
[]
[]
[]
[]
[]
[]
[]
[]
[]
[]
[]
[]
[]
[]
[]
[]
