face02_60deg.mp4
2
8
True
193
192
20
20
0
[]
[]
[]
[]
[]
[]
[]
[]
[]
[]
[]
[]
[]
[]
[]
[]
[]
[]
[]
[]
[]
[]
[]
[]
[]
[]
[]
[]
[]
[]
[]
[]
[]
[]
[]
[]
[]
[]
[]
[]
[]
[]
[]
[]
[]
[]
[]
[]
[]
[]
[]
[]
[]
[]
[]
[]
[]
[]
[]
[]
[]
[]
[]
[]
[]
[]
[]
[]
[]
[]
[]
[]
[]
[]
[]
[]
[]
[]
[]
[]
[]
[]
[]
[]
[]
[]
[]
[]
[]
[]
[]
[]
[]
[]
[]
[]
[]
[]
[]
[]
[]
[]
[]
[]
[]
[]
[]
[]
[]
[]
[]
[]
[]
[]
[]
[]
[]
[]
[]
[]
[]
[]
[]
[]
[]
[]
[]
[]
[]
[]
[]
[]
[]
[]
[]
[]
[]
[]
[]
[]
[]
[]
[]
[]
[]
[]
[]
[]
[]
[]
[[46, 96, 72, 122]]
[]
[[46, 97, 73, 124]]
[[43, 94, 77, 128]]
[]
[]
[[42, 98, 76, 132]]
[[41, 98, 76, 133]]
[[40, 98, 77, 135]]
[[38, 98, 75, 135]]
[[36, 98, 77, 139]]
[[36, 99, 77, 140]]
[[35, 100, 76, 141]]
[[32, 99, 77, 144]]
[[29, 100, 75, 146]]
[[27, 101, 74, 148]]
[[25, 102, 73, 150]]
[[23, 102, 72, 151]]
[[20, 103, 72, 155]]
[[16, 103, 70, 157]]
[[12, 103, 67, 158]]
[[7, 102, 66, 161]]
[[2, 102, 62, 162]]
[]
[]
[]
[]
[]
[]
[]
[]
[]
[]
[]
[]
[]
[]
[]
[]
[]
[]
[]
