face01_0deg.mp4
2
8
False
414
413
77
77
0
[]
[]
[]
[]
[]
[]
[]
[]
[]
[]
[]
[]
[]
[]
[]
[]
[]
[]
[]
[]
[]
[]
[]
[]
[]
[]
[]
[]
[]
[]
[]
[]
[]
[]
[]
[]
[]
[]
[]
[]
[]
[]
[]
[]
[]
[]
[]
[]
[]
[]
[]
[]
[]
[]
[]
[]
[]
[]
[]
[]
[]
[]
[]
[]
[]
[]
[]
[]
[]
[]
[]
[]
[]
[]
[]
[]
[]
[]
[]
[]
[]
[]
[]
[]
[]
[]
[]
[]
[]
[]
[]
[]
[]
[]
[]
[]
[]
[]
[]
[]
[]
[]
[]
[]
[]
[]
[]
[]
[]
[]
[]
[]
[]
[]
[]
[]
[]
[]
[]
[]
[]
[]
[]
[]
[]
[]
[]
[]
[]
[]
[]
[]
[]
[]
[]
[]
[]
[]
[]
[]
[]
[]
[]
[]
[]
[]
[]
[]
[]
[]
[]
[]
[]
[]
[]
[]
[]
[]
[]
[]
[]
[]
[]
[]
[]
[]
[]
[]
[]
[]
[]
[]
[]
[]
[]
[]
[]
[]
[]
[]
[]
[]
[]
[]
[]
[]
[]
[]
[]
[]
[]
[]
[]
[]
[]
[]
[]
[]
[]
[]
[]
[]
[]
[]
[]
[]
[]
[]
[]
[]
[]
[]
[]
[]
[]
[]
[]
[]
[]
[]
[]
[]
[]
[]
[]
[]
[]
[]
[]
[]
[]
[]
[]
[]
[]
[]
[]
[]
[]
[]
[]
[]
[]
[]
[]
[]
[]
[]
[]
[]
[]
[]
[]
[]
[]
[]
[]
[]
[[56, 93, 77, 114]]
[]
[]
[]
[]
[]
[[54, 95, 76, 117]]
[[54, 95, 76, 117]]
[[54, 95, 76, 117]]
[[53, 95, 76, 118]]
[[54, 97, 76, 119]]
[]
[[53, 97, 77, 121]]
[[53, 99, 74, 120]]
[[51, 98, 75, 122]]
[[52, 100, 74, 122]]
[[50, 99, 75, 124]]
[[51, 101, 74, 124]]
[[51, 101, 75, 125]]
[[51, 103, 75, 127]]
[[49, 103, 75, 129]]
[[50, 104, 74, 128]]
[[49, 104, 73, 128]]
[[50, 104, 75, 129]]
[[49, 104, 76, 131]]
[[49, 105, 77, 133]]
[[50, 107, 76, 133]]
[[49, 107, 75, 133]]
[[50, 108, 76, 134]]
[[50, 108, 76, 134]]
[[49, 108, 77, 136]]
[[50, 108, 77, 135]]
[[48, 108, 79, 139]]
[[49, 109, 78, 138]]
[[49, 109, 80, 140]]
[[49, 109, 80, 140]]
[[49, 109, 81, 141]]
[[51, 110, 81, 140]]
[[50, 110, 81, 141]]
[[49, 110, 82, 143]]
[[49, 111, 83, 145]]
[[50, 111, 84, 145]]
[[50, 111, 84, 145]]
[[49, 110, 85, 146]]
[[49, 111, 85, 147]]
[[49, 112, 85, 148]]
[[48, 112, 84, 148]]
[[48, 112, 85, 149]]
[[48, 112, 85, 149]]
[[46, 111, 86, 151]]
[[46, 111, 86, 151]]
[[46, 110, 87, 151]]
[[45, 110, 87, 152]]
[[45, 110, 86, 151]]
[[44, 110, 87, 153]]
[[44, 111, 86, 153]]
[[42, 111, 86, 155]]
[[42, 112, 85, 155]]
[[41, 111, 85, 155]]
[[39, 111, 84, 156]]
[[37, 112, 83, 158]]
[[36, 112, 83, 159]]
[[35, 112, 83, 160]]
[[33, 112, 82, 161]]
[[32, 112, 82, 162]]
[[31, 111, 82, 162]]
[[30, 112, 80, 162]]
[[29, 110, 81, 162]]
[[27, 110, 81, 164]]
[[27, 110, 80, 163]]
[[27, 110, 81, 164]]
[[27, 110, 82, 165]]
[[26, 110, 81, 165]]
[[25, 109, 83, 167]]
[[25, 110, 82, 167]]
[[24, 110, 81, 167]]
[[25, 110, 83, 168]]
[[25, 110, 83, 168]]
[[25, 110, 83, 168]]
[[24, 111, 82, 169]]
[[24, 111, 82, 169]]
[[24, 111, 83, 170]]
[[23, 108, 83, 168]]
[]
[]
[]
[]
[]
[]
[]
[]
[]
[]
[]
[]
[]
[]
[]
[]
[]
[]
[]
[]
[]
[]
[]
[]
[]
[]
[]
[]
[]
[]
[]
[]
[]
[]
[]
[]
[]
[]
[]
[]
[]
[]
[]
[]
[]
[]
[]
[]
[]
[]
[]
[]
[]
[]
[]
[]
[]
[]
[]
[]
[]
[]
[]
[]
[]
[]
[]
[]
[]
[]
[]
[]
