face01_30deg.mp4
2
2
True
341
77
50
47
2
[[272, 406, 296, 430]]
[]
[]
[[274, 409, 296, 431]]
[]
[[16, 744, 57, 785]]
[]
[[258, 398, 280, 420]]
[[250, 390, 274, 414]]
[[248, 386, 270, 408]]
[[247, 380, 271, 404]]
[[252, 376, 275, 399]]
[[259, 370, 282, 393]]
[[265, 365, 289, 389]]
[]
[[270, 356, 294, 380]]
[]
[[266, 354, 291, 379]]
[[261, 353, 288, 380]]
[[259, 354, 285, 380]]
[[256, 352, 284, 380]]
[[256, 354, 284, 382]]
[[256, 353, 286, 383]]
[[256, 353, 287, 384]]
[[260, 350, 290, 380]]
[[260, 355, 291, 386]]
[[258, 354, 290, 386], [6, 754, 58, 806]]
[[253, 353, 285, 385]]
[[251, 349, 285, 383]]
[[246, 345, 281, 380]]
[[244, 343, 280, 379]]
[[240, 339, 277, 376]]
[[241, 334, 278, 371]]
[[242, 331, 280, 369]]
[[244, 332, 283, 371]]
[[245, 333, 285, 373]]
[[245, 338, 286, 379], [48, 640, 89, 681], [23, 685, 68, 730]]
[[246, 338, 287, 379]]
[[245, 338, 288, 381]]
[[249, 346, 294, 391]]
[[253, 348, 300, 395]]
[[258, 351, 305, 398]]
[[261, 353, 311, 403]]
[[264, 362, 315, 413]]
[[263, 366, 314, 417]]
[[260, 371, 312, 423]]
[[254, 372, 308, 426]]
[[249, 380, 305, 436]]
[[245, 386, 302, 443]]
[[245, 394, 303, 452]]
[[244, 396, 304, 456]]
[[251, 402, 311, 462]]
[[250, 412, 310, 472]]
[]
[]
[]
[]
[]
[]
[]
[]
[]
[]
[]
[]
[]
[]
[]
[]
[]
[]
[]
[]
[]
[]
[]
[]
