face01_30deg.mp4
2
4
False
341
297
104
104
0
[]
[]
[]
[]
[]
[]
[]
[]
[]
[]
[]
[]
[]
[]
[]
[]
[]
[]
[]
[]
[]
[]
[]
[]
[]
[]
[]
[]
[]
[]
[]
[]
[]
[]
[]
[]
[]
[]
[]
[]
[]
[]
[]
[]
[]
[]
[]
[]
[]
[]
[]
[]
[]
[]
[]
[]
[]
[]
[]
[]
[]
[]
[]
[]
[]
[]
[]
[]
[]
[]
[]
[]
[]
[]
[]
[]
[]
[]
[]
[]
[]
[]
[]
[]
[]
[]
[]
[]
[]
[]
[]
[]
[]
[]
[]
[]
[]
[]
[]
[]
[]
[]
[]
[]
[]
[]
[]
[]
[]
[]
[]
[]
[]
[]
[]
[]
[]
[]
[]
[]
[]
[]
[]
[]
[]
[]
[]
[]
[]
[]
[[120, 164, 142, 186]]
[]
[]
[]
[[122, 166, 143, 187]]
[[122, 167, 143, 188]]
[]
[[122, 167, 144, 189]]
[[122, 168, 144, 190]]
[[122, 168, 144, 190]]
[[122, 169, 144, 191]]
[[122, 169, 143, 190]]
[[122, 169, 143, 190]]
[[122, 169, 144, 191]]
[[122, 168, 145, 191]]
[[122, 168, 145, 191]]
[[122, 169, 144, 191]]
[[122, 170, 144, 192]]
[[122, 171, 145, 194]]
[]
[[123, 172, 146, 195]]
[[125, 173, 149, 197]]
[[124, 172, 148, 196]]
[[125, 173, 148, 196]]
[[126, 174, 150, 198]]
[[127, 175, 151, 199]]
[[127, 174, 152, 199]]
[[127, 174, 153, 200]]
[[128, 175, 153, 200]]
[[128, 175, 154, 201]]
[[129, 176, 153, 200]]
[[131, 177, 155, 201]]
[[129, 176, 155, 202]]
[[131, 176, 156, 201]]
[[131, 180, 157, 206]]
[[131, 180, 157, 206]]
[[132, 181, 158, 207]]
[[132, 182, 157, 207]]
[[131, 181, 158, 208]]
[[131, 183, 159, 211]]
[[129, 181, 159, 211]]
[[130, 183, 158, 211]]
[[129, 183, 158, 212]]
[[128, 183, 158, 213]]
[[127, 183, 158, 214]]
[[128, 184, 157, 213]]
[[127, 185, 158, 216]]
[[127, 185, 157, 215]]
[[126, 184, 157, 215]]
[[125, 184, 157, 216]]
[[124, 184, 155, 215]]
[[122, 185, 155, 218]]
[[123, 188, 155, 220]]
[[122, 188, 155, 221]]
[[121, 189, 154, 222]]
[[120, 189, 155, 224]]
[[120, 191, 154, 225]]
[[120, 192, 153, 225]]
[[120, 192, 155, 227]]
[[119, 193, 154, 228]]
[[118, 192, 155, 229]]
[[119, 194, 155, 230]]
[[120, 195, 154, 229]]
[[118, 194, 155, 231]]
[[119, 196, 156, 233]]
[[119, 196, 156, 233]]
[[119, 196, 157, 234]]
[[120, 196, 159, 235]]
[[120, 197, 160, 237]]
[[120, 198, 161, 239]]
[[121, 201, 161, 241]]
[[120, 202, 161, 243]]
[[121, 202, 162, 243]]
[[121, 203, 162, 244]]
[[119, 203, 163, 247]]
[[119, 206, 162, 249]]
[[120, 206, 162, 248]]
[[119, 206, 164, 251]]
[[120, 208, 163, 251]]
[[119, 209, 162, 252]]
[[120, 210, 162, 252]]
[[119, 210, 163, 254]]
[[118, 210, 163, 255]]
[[117, 211, 164, 258]]
[[117, 212, 163, 258]]
[[116, 213, 164, 261]]
[[115, 212, 164, 261]]
[[115, 213, 165, 263]]
[[116, 215, 165, 264]]
[[115, 218, 165, 268]]
[[113, 221, 165, 273]]
[[114, 223, 165, 274]]
[[113, 223, 165, 275]]
[[112, 224, 165, 277]]
[[114, 226, 166, 278]]
[[113, 227, 168, 282]]
[[113, 229, 167, 283]]
[[113, 229, 168, 284]]
[[113, 231, 168, 286]]
[[112, 233, 169, 290]]
[[111, 234, 169, 292]]
[[111, 237, 170, 296]]
[[113, 238, 171, 296]]
[[112, 240, 171, 299]]
[[112, 242, 172, 302]]
[[112, 249, 172, 309]]
[[112, 253, 172, 313]]
[[113, 256, 173, 316]]
[]
[[113, 261, 173, 321]]
[]
[]
[]
[]
[]
[]
[]
[]
[]
[]
[]
[]
[]
[]
[]
[]
[]
[]
[]
[]
[]
[]
[]
[]
[]
[]
[]
[]
[]
[]
[]
[]
[]
[]
[]
[]
[]
[]
[]
[]
[]
[]
[]
[]
[]
[]
[]
[]
[]
[]
[]
[]
[]
[]
[]
[]
[]
