face02_0deg.mp4
2
2
False
130
27
19
17
2
[[256, 340, 285, 369]]
[[258, 340, 287, 369]]
[[256, 340, 283, 367]]
[[258, 340, 286, 368]]
[]
[[258, 338, 288, 368]]
[[260, 337, 291, 368]]
[[260, 338, 294, 372]]
[[260, 340, 295, 375]]
[]
[[254, 346, 293, 385]]
[[253, 351, 291, 389], [242, 710, 285, 753]]
[[250, 351, 291, 392]]
[[249, 355, 295, 401], [308, 833, 363, 888]]
[[246, 360, 292, 406]]
[[240, 364, 289, 413]]
[[234, 373, 290, 429]]
[[234, 385, 294, 445]]
[[233, 396, 293, 456]]
[]
[]
[]
[]
[]
[]
[]
[]
