face01_30deg.mp4
2
2
False
341
77
50
47
2
[[272, 406, 296, 430]]
[]
[]
[[274, 409, 296, 431]]
[]
[]
[[265, 407, 287, 429]]
[[256, 397, 278, 419]]
[[248, 390, 272, 414]]
[[248, 384, 271, 407]]
[[248, 378, 272, 402]]
[[252, 376, 275, 399]]
[[262, 370, 285, 393]]
[[266, 364, 290, 388]]
[[268, 358, 294, 384]]
[]
[[268, 354, 294, 380]]
[[265, 354, 290, 379]]
[[261, 354, 287, 380]]
[[258, 353, 284, 379]]
[]
[[258, 355, 283, 380]]
[[257, 353, 286, 382]]
[[260, 353, 289, 382]]
[[261, 352, 292, 383]]
[[258, 351, 292, 385]]
[[258, 354, 289, 385]]
[[253, 351, 285, 383]]
[[249, 348, 283, 382]]
[[247, 344, 281, 378]]
[[242, 342, 278, 378]]
[[242, 339, 278, 375]]
[[240, 333, 278, 371]]
[[243, 329, 280, 366]]
[[244, 334, 282, 372]]
[[244, 335, 286, 377]]
[[245, 337, 288, 380], [19, 691, 65, 737]]
[[246, 338, 289, 381]]
[[244, 343, 288, 387], [26, 680, 72, 726], [64, 690, 110, 736]]
[[251, 346, 297, 392]]
[[255, 349, 302, 396]]
[[256, 351, 307, 402]]
[[261, 355, 314, 408]]
[[264, 362, 315, 413]]
[[262, 369, 313, 420]]
[[258, 370, 312, 424]]
[[252, 371, 308, 427]]
[[249, 380, 305, 436]]
[[246, 388, 303, 445]]
[[245, 394, 305, 454]]
[[245, 397, 305, 457]]
[]
[[253, 415, 311, 473]]
[[251, 423, 311, 483]]
[]
[]
[]
[]
[]
[]
[]
[]
[]
[]
[]
[]
[]
[]
[]
[]
[]
[]
[]
[]
[]
[]
[]
