face02_0deg.mp4
2
4
False
130
101
31
31
0
[]
[]
[]
[]
[]
[]
[]
[]
[]
[]
[]
[]
[]
[]
[]
[]
[]
[]
[]
[]
[]
[]
[]
[]
[]
[]
[]
[]
[]
[]
[]
[]
[]
[]
[]
[]
[]
[]
[]
[]
[]
[[124, 174, 147, 197]]
[[125, 174, 149, 198]]
[]
[]
[[123, 176, 147, 200]]
[[124, 178, 147, 201]]
[[123, 178, 147, 202]]
[[124, 179, 148, 203]]
[[123, 179, 147, 203]]
[[121, 180, 145, 204]]
[[120, 179, 147, 206]]
[]
[[120, 181, 145, 206]]
[]
[[117, 181, 148, 212]]
[]
[]
[[113, 184, 149, 220]]
[[116, 187, 148, 219]]
[[115, 189, 150, 224]]
[[112, 188, 152, 228]]
[[114, 191, 152, 229]]
[[112, 191, 152, 231]]
[[110, 191, 152, 233]]
[[109, 193, 153, 237]]
[[110, 196, 152, 238]]
[[107, 199, 152, 244]]
[[108, 202, 152, 246]]
[[105, 204, 151, 250]]
[[103, 206, 152, 255]]
[[101, 207, 152, 258]]
[[99, 210, 150, 261]]
[[96, 215, 151, 270]]
[[95, 220, 150, 275]]
[[92, 224, 150, 282]]
[[90, 227, 149, 286]]
[[88, 229, 148, 289]]
[]
[]
[]
[]
[]
[]
[]
[]
[]
[]
[]
[]
[]
[]
[]
[]
[]
[]
[]
[]
[]
[]
[]
