face02_0deg.mp4
2
8
False
130
129
28
28
0
[]
[]
[]
[]
[]
[]
[]
[]
[]
[]
[]
[]
[]
[]
[]
[]
[]
[]
[]
[]
[]
[]
[]
[]
[]
[]
[]
[]
[]
[]
[]
[]
[]
[]
[]
[]
[]
[]
[]
[]
[]
[]
[]
[]
[]
[]
[]
[]
[]
[]
[]
[]
[]
[]
[]
[]
[]
[]
[]
[]
[]
[]
[]
[]
[]
[]
[]
[]
[]
[]
[]
[]
[]
[]
[]
[]
[]
[]
[]
[]
[]
[]
[]
[]
[]
[[54, 95, 77, 118]]
[]
[[53, 98, 77, 122]]
[[53, 99, 77, 123]]
[[54, 100, 77, 123]]
[[51, 100, 77, 126]]
[[50, 100, 78, 128]]
[[51, 102, 78, 129]]
[[49, 102, 78, 131]]
[[47, 103, 79, 135]]
[[47, 104, 79, 136]]
[[46, 106, 78, 138]]
[[45, 107, 80, 142]]
[[45, 110, 79, 144]]
[[42, 109, 79, 146]]
[[40, 109, 81, 150]]
[[40, 111, 81, 152]]
[[39, 114, 81, 156]]
[[40, 116, 81, 157]]
[[40, 118, 84, 162]]
[[38, 117, 87, 166]]
[[38, 119, 87, 168]]
[[38, 120, 89, 171]]
[[39, 121, 90, 172]]
[[37, 120, 93, 176]]
[[36, 120, 93, 177]]
[[36, 118, 95, 177]]
[[35, 117, 95, 177]]
[[37, 118, 97, 178]]
[]
[]
[]
[]
[]
[]
[]
[]
[]
[]
[]
[]
[]
[]
[]
