face02_30deg.mp4
2
4
True
187
149
61
61
0
[]
[]
[]
[]
[]
[]
[]
[]
[]
[]
[]
[]
[]
[]
[]
[]
[]
[]
[]
[]
[]
[]
[]
[]
[]
[]
[]
[]
[]
[]
[]
[]
[]
[]
[]
[]
[]
[]
[]
[]
[]
[]
[]
[]
[[132, 144, 153, 165]]
[]
[]
[]
[]
[]
[[131, 144, 154, 167]]
[[132, 146, 153, 167]]
[]
[[132, 145, 154, 167]]
[]
[]
[]
[[129, 148, 153, 172]]
[[129, 149, 153, 173]]
[[129, 150, 153, 174]]
[[127, 150, 151, 174]]
[[127, 150, 151, 174]]
[[126, 151, 149, 174]]
[[126, 151, 150, 175]]
[]
[[123, 151, 148, 176]]
[[123, 152, 147, 176]]
[[121, 152, 145, 176]]
[[120, 151, 144, 175]]
[[118, 151, 145, 178]]
[[119, 155, 142, 178]]
[]
[[116, 153, 145, 182]]
[]
[[115, 153, 148, 186]]
[[117, 157, 144, 184]]
[[117, 157, 146, 186]]
[[118, 157, 146, 185]]
[[117, 157, 148, 188]]
[[116, 156, 148, 188]]
[[118, 158, 148, 188]]
[[117, 157, 150, 190]]
[[115, 156, 151, 192]]
[[116, 157, 152, 193]]
[[116, 158, 151, 193]]
[[116, 160, 153, 197]]
[[116, 161, 151, 196]]
[[115, 161, 153, 199]]
[[115, 164, 152, 201]]
[[114, 164, 150, 200]]
[[113, 164, 152, 203]]
[[112, 166, 151, 205]]
[[111, 166, 150, 205]]
[[111, 167, 149, 205]]
[[108, 167, 150, 209]]
[[108, 168, 149, 209]]
[[106, 168, 148, 210]]
[[103, 170, 146, 213]]
[[100, 170, 146, 216]]
[[100, 172, 146, 218]]
[[99, 178, 145, 224]]
[[97, 179, 142, 224]]
[[97, 179, 144, 226]]
[[96, 181, 145, 230]]
[[96, 183, 144, 231]]
[[94, 184, 145, 235]]
[[94, 185, 146, 237]]
[[93, 185, 145, 237]]
[[94, 187, 145, 238]]
[[92, 186, 147, 241]]
[[90, 185, 146, 241]]
[[89, 185, 144, 240]]
[[88, 185, 144, 241]]
[[85, 185, 144, 244]]
[[82, 187, 142, 247]]
[[83, 187, 143, 247]]
[[82, 188, 142, 248]]
[]
[]
[]
[]
[]
[]
[]
[]
[]
[]
[]
[]
[]
[]
[]
[]
[]
[]
[]
[]
[]
[]
[]
[]
[]
[]
[]
[]
[]
[]
[]
[]
