face02_45deg.mp4
2
4
True
176
148
40
40
0
[]
[]
[]
[]
[]
[]
[]
[]
[]
[]
[]
[]
[]
[]
[]
[]
[]
[]
[]
[]
[]
[]
[]
[]
[]
[]
[]
[]
[]
[]
[]
[]
[]
[]
[]
[]
[]
[]
[]
[]
[]
[]
[]
[]
[]
[]
[]
[]
[]
[]
[]
[]
[]
[]
[]
[]
[]
[]
[]
[]
[]
[]
[]
[]
[]
[]
[]
[]
[]
[[114, 175, 136, 197]]
[]
[]
[]
[[112, 174, 135, 197]]
[]
[[112, 174, 135, 197]]
[]
[]
[[110, 178, 133, 201]]
[]
[[109, 178, 132, 201]]
[[107, 178, 132, 203]]
[[107, 178, 131, 202]]
[[104, 177, 132, 205]]
[[104, 178, 129, 203]]
[]
[[102, 179, 128, 205]]
[[99, 177, 127, 205]]
[[97, 177, 127, 207]]
[]
[[94, 178, 126, 210]]
[[93, 179, 125, 211]]
[[91, 180, 124, 213]]
[[91, 180, 124, 213]]
[[90, 181, 125, 216]]
[[90, 180, 125, 215]]
[[89, 179, 126, 216]]
[[90, 179, 126, 215]]
[[89, 179, 126, 216]]
[[88, 178, 127, 217]]
[[87, 177, 127, 217]]
[[86, 178, 128, 220]]
[[85, 178, 127, 220]]
[[83, 178, 127, 222]]
[[81, 179, 126, 224]]
[[80, 178, 128, 226]]
[[78, 180, 126, 228]]
[[74, 181, 124, 231]]
[[74, 183, 123, 232]]
[[71, 183, 121, 233]]
[[69, 182, 121, 234]]
[[65, 183, 118, 236]]
[[63, 183, 117, 237]]
[[60, 181, 116, 237]]
[[58, 181, 114, 237]]
[[55, 179, 113, 237]]
[[50, 177, 110, 237]]
[[48, 179, 108, 239]]
[]
[]
[]
[]
[]
[]
[]
[]
[]
[]
[]
[]
[]
[]
[]
[]
[]
[]
[]
[]
[]
[]
[]
[]
[]
[]
[]
[]
[]
[]
