face01_45deg.mp4
2
2
True
435
96
54
52
2
[]
[]
[[268, 427, 289, 448]]
[[299, 809, 339, 849]]
[[302, 810, 343, 851]]
[[305, 810, 347, 852]]
[[306, 810, 349, 853]]
[[305, 816, 347, 858]]
[[301, 821, 344, 864]]
[]
[[297, 837, 342, 882]]
[[291, 847, 337, 893]]
[[291, 856, 339, 904]]
[[260, 427, 281, 448]]
[[264, 427, 286, 449]]
[]
[[268, 427, 290, 449]]
[]
[]
[]
[]
[[264, 419, 286, 441]]
[[260, 418, 283, 441]]
[[261, 418, 283, 440]]
[[260, 416, 285, 441]]
[[260, 416, 286, 442]]
[[262, 411, 287, 436]]
[[266, 410, 290, 434]]
[[268, 408, 292, 432]]
[[268, 406, 293, 431]]
[]
[[266, 396, 292, 422]]
[]
[[267, 395, 293, 421]]
[[269, 395, 296, 422]]
[[270, 392, 300, 422]]
[[271, 392, 302, 423]]
[[271, 391, 303, 423]]
[[271, 394, 303, 426]]
[[268, 391, 303, 426]]
[[266, 391, 301, 426]]
[[263, 395, 298, 430]]
[[263, 390, 301, 428]]
[[266, 391, 304, 429]]
[[267, 389, 306, 428]]
[[270, 390, 309, 429], [252, 720, 298, 766]]
[[268, 390, 310, 432]]
[[267, 391, 309, 433]]
[[265, 389, 308, 432]]
[[265, 388, 307, 430]]
[[264, 392, 310, 438]]
[[264, 389, 312, 437]]
[[270, 390, 318, 438]]
[[274, 392, 323, 441], [231, 662, 277, 708]]
[[278, 396, 329, 447]]
[[279, 398, 332, 451]]
[[281, 400, 334, 453]]
[[280, 399, 336, 455]]
[[278, 399, 335, 456]]
[[278, 403, 335, 460]]
[[278, 403, 338, 463]]
[[280, 402, 340, 462]]
[]
[]
[]
[]
[]
[]
[]
[]
[]
[]
[]
[]
[]
[]
[]
[]
[]
[]
[]
[]
[]
[]
[]
[]
[]
[]
[]
[]
[]
[]
[]
[]
[]
[]
