face01_0deg.mp4
2
2
True
414
91
72
56
15
[[267, 379, 289, 401]]
[[266, 379, 288, 401]]
[[266, 379, 288, 401]]
[[266, 378, 288, 400]]
[[266, 379, 288, 401], [90, 864, 131, 905]]
[[268, 379, 290, 401]]
[]
[[192, 771, 236, 815]]
[[270, 378, 294, 402]]
[[269, 381, 291, 403]]
[]
[[260, 378, 284, 402], [179, 817, 222, 860]]
[[260, 378, 282, 400]]
[[255, 377, 280, 402], [283, 700, 320, 737]]
[[253, 378, 277, 402]]
[[251, 378, 275, 402]]
[[251, 378, 276, 403]]
[[252, 379, 278, 405]]
[[253, 380, 277, 404], [274, 758, 315, 799]]
[[254, 379, 280, 405], [278, 772, 321, 815]]
[[252, 380, 277, 405]]
[[253, 378, 278, 403], [279, 804, 327, 852]]
[[251, 377, 277, 403]]
[[248, 377, 276, 405]]
[[249, 376, 278, 405]]
[[251, 377, 280, 406]]
[[252, 375, 282, 405]]
[[253, 374, 286, 407], [380, 688, 414, 722]]
[[255, 378, 286, 409], [2, 877, 42, 917]]
[[254, 378, 285, 409]]
[[251, 377, 284, 410]]
[[250, 375, 283, 408]]
[[247, 373, 283, 409]]
[[247, 374, 282, 409], [401, 762, 442, 803]]
[[245, 372, 282, 409]]
[[247, 370, 283, 406]]
[[248, 368, 286, 406], [37, 875, 85, 923]]
[[285, 598, 311, 624], [251, 369, 289, 407], [28, 907, 78, 957]]
[[251, 369, 290, 408]]
[[250, 366, 290, 406]]
[[247, 365, 288, 406], [49, 863, 92, 906]]
[[244, 363, 285, 404]]
[[243, 364, 286, 407], [390, 629, 425, 664]]
[[242, 365, 286, 409]]
[[243, 362, 288, 407]]
[[244, 360, 291, 407]]
[[245, 361, 293, 409], [324, 844, 374, 894]]
[[243, 358, 293, 408], [395, 720, 441, 766]]
[[241, 357, 291, 407]]
[[238, 355, 291, 408]]
[[236, 358, 290, 412]]
[[234, 360, 289, 415]]
[[235, 365, 290, 420]]
[[235, 364, 292, 421]]
[[238, 367, 296, 425]]
[[238, 377, 297, 436]]
[[236, 383, 296, 443]]
[[107, 848, 159, 900]]
[]
[]
[]
[]
[]
[]
[]
[]
[]
[]
[]
[]
[]
[]
[]
[]
[]
[]
[]
[]
[]
[]
[]
[]
[]
[]
[]
[]
[]
[]
[]
[]
[]
