face01_60deg.mp4
2
8
True
389
388
40
40
0
[]
[]
[]
[]
[]
[]
[]
[]
[]
[[44, 34, 87, 77]]
[]
[]
[]
[]
[]
[]
[]
[]
[]
[]
[]
[]
[]
[]
[]
[]
[]
[]
[]
[]
[]
[]
[]
[]
[]
[]
[]
[]
[]
[]
[]
[]
[]
[]
[]
[]
[]
[]
[]
[]
[]
[]
[]
[]
[]
[]
[]
[]
[]
[]
[]
[]
[]
[]
[]
[]
[]
[]
[]
[]
[]
[]
[]
[]
[]
[]
[]
[]
[]
[]
[]
[]
[]
[]
[]
[]
[]
[]
[]
[]
[]
[]
[]
[]
[]
[]
[]
[]
[]
[]
[]
[]
[]
[]
[]
[]
[]
[]
[]
[]
[]
[]
[]
[]
[]
[]
[]
[]
[]
[]
[]
[]
[]
[]
[]
[]
[]
[]
[]
[]
[]
[]
[]
[]
[]
[]
[]
[]
[]
[]
[]
[]
[]
[]
[]
[]
[]
[]
[]
[]
[]
[]
[]
[]
[]
[]
[]
[]
[]
[]
[]
[]
[]
[]
[]
[]
[]
[]
[]
[]
[]
[]
[]
[]
[]
[]
[]
[]
[]
[]
[]
[]
[]
[]
[]
[]
[]
[]
[]
[]
[]
[]
[]
[]
[]
[]
[]
[]
[]
[]
[]
[]
[]
[]
[]
[]
[]
[]
[]
[]
[]
[]
[]
[]
[]
[]
[]
[]
[]
[]
[]
[]
[]
[]
[]
[]
[]
[]
[]
[]
[]
[]
[]
[]
[]
[]
[]
[]
[]
[]
[]
[]
[]
[]
[]
[]
[]
[]
[]
[]
[]
[]
[]
[]
[]
[]
[]
[]
[]
[]
[[65, 94, 89, 118]]
[[66, 94, 89, 117]]
[[66, 94, 89, 117]]
[]
[]
[]
[]
[]
[]
[]
[]
[]
[[62, 92, 88, 118]]
[]
[]
[]
[[64, 94, 91, 121]]
[]
[]
[]
[]
[]
[]
[[61, 91, 93, 123]]
[[59, 90, 94, 125]]
[[61, 91, 93, 123]]
[]
[]
[[57, 87, 93, 123]]
[[56, 86, 93, 123]]
[[57, 87, 92, 122]]
[[55, 85, 92, 122]]
[[55, 86, 90, 121]]
[[54, 85, 91, 122]]
[[52, 84, 90, 122]]
[[52, 84, 91, 123]]
[[48, 82, 89, 123]]
[[47, 82, 88, 123]]
[[46, 82, 88, 124]]
[[45, 82, 87, 124]]
[[46, 83, 88, 125]]
[[43, 82, 89, 128]]
[[42, 80, 89, 127]]
[[42, 80, 88, 126]]
[[39, 78, 89, 128]]
[[41, 79, 87, 125]]
[[39, 79, 87, 127]]
[[37, 77, 87, 127]]
[[36, 77, 87, 128]]
[[37, 76, 87, 126]]
[[35, 75, 88, 128]]
[[36, 76, 87, 127]]
[[36, 75, 86, 125]]
[[33, 72, 91, 130]]
[[31, 68, 91, 128]]
[[33, 72, 90, 129]]
[[33, 71, 90, 128]]
[]
[]
[[33, 70, 93, 130]]
[[33, 70, 93, 130]]
[]
[]
[]
[]
[]
[]
[]
[]
[]
[]
[]
[]
[]
[]
[]
[]
[]
[]
[]
[]
[]
[]
[]
[]
[]
[]
[]
[]
[]
[]
[]
[]
[]
[]
[]
[]
[]
[]
[]
[]
[]
[]
[]
[]
[]
[]
[]
[]
[]
[]
[]
[]
[]
[]
[]
[]
[]
[]
[]
[]
[]
[]
[]
[]
[]
[]
[]
