face02_30deg.mp4
2
8
True
187
186
46
46
0
[]
[]
[]
[]
[]
[]
[]
[]
[]
[]
[]
[]
[]
[]
[]
[]
[]
[]
[]
[]
[]
[]
[]
[]
[]
[]
[]
[]
[]
[]
[]
[]
[]
[]
[]
[]
[]
[]
[]
[]
[]
[]
[]
[]
[]
[]
[]
[]
[]
[]
[]
[]
[]
[]
[]
[]
[]
[]
[]
[]
[]
[]
[]
[]
[]
[]
[]
[]
[]
[]
[]
[]
[]
[]
[]
[]
[]
[]
[]
[]
[]
[]
[]
[]
[]
[]
[]
[]
[]
[]
[]
[]
[]
[]
[]
[]
[]
[]
[]
[]
[]
[]
[]
[]
[]
[]
[]
[]
[]
[]
[]
[]
[]
[]
[[56, 81, 78, 103]]
[]
[]
[]
[[54, 83, 75, 104]]
[[54, 83, 76, 105]]
[[53, 82, 76, 105]]
[[54, 84, 76, 106]]
[[52, 83, 75, 106]]
[[51, 84, 74, 107]]
[[51, 84, 75, 108]]
[[50, 85, 73, 108]]
[[49, 86, 73, 110]]
[[49, 87, 73, 111]]
[[49, 88, 73, 112]]
[[48, 89, 73, 114]]
[]
[[48, 89, 73, 114]]
[[47, 89, 75, 117]]
[[46, 90, 74, 118]]
[[46, 91, 74, 119]]
[[47, 91, 74, 118]]
[[44, 90, 78, 124]]
[[45, 91, 75, 121]]
[[45, 91, 76, 122]]
[[44, 90, 77, 123]]
[[43, 90, 77, 124]]
[[42, 90, 76, 124]]
[[41, 89, 77, 125]]
[[41, 90, 75, 124]]
[[40, 90, 77, 127]]
[[38, 89, 77, 128]]
[[38, 89, 77, 128]]
[[38, 90, 78, 130]]
[[37, 90, 77, 130]]
[[36, 90, 77, 131]]
[[35, 91, 76, 132]]
[[34, 91, 75, 132]]
[[31, 90, 76, 135]]
[[30, 90, 76, 136]]
[[29, 91, 75, 137]]
[[26, 89, 74, 137]]
[[25, 90, 73, 138]]
[[23, 89, 73, 139]]
[[20, 87, 72, 139]]
[[18, 86, 70, 138]]
[[15, 85, 68, 138]]
[[12, 83, 66, 137]]
[[6, 80, 64, 138]]
[[3, 78, 62, 137]]
[]
[]
[]
[]
[]
[]
[]
[]
[]
[]
[]
[]
[]
[]
[]
[]
[]
[]
[]
[]
[]
[]
