face02_60deg.mp4
2
4
False
193
157
25
25
0
[]
[]
[]
[]
[]
[]
[]
[]
[]
[]
[]
[]
[]
[]
[]
[]
[]
[]
[]
[]
[]
[]
[]
[]
[]
[]
[]
[]
[]
[]
[]
[]
[]
[]
[]
[]
[]
[]
[]
[]
[]
[]
[]
[]
[]
[]
[]
[]
[]
[]
[]
[]
[]
[]
[]
[]
[]
[]
[]
[]
[]
[]
[]
[]
[]
[]
[]
[]
[]
[]
[]
[]
[]
[]
[]
[]
[]
[]
[]
[]
[]
[[175, 287, 218, 330]]
[[175, 290, 218, 333]]
[]
[]
[]
[[179, 295, 227, 343]]
[]
[]
[]
[]
[]
[[114, 160, 137, 183]]
[]
[]
[]
[]
[]
[]
[]
[]
[]
[]
[]
[]
[]
[]
[[105, 169, 138, 202]]
[[102, 169, 141, 208]]
[[103, 171, 138, 206]]
[]
[[100, 170, 138, 208]]
[[99, 172, 138, 211]]
[]
[[96, 180, 136, 220]]
[[96, 181, 136, 221]]
[[96, 182, 136, 222]]
[[93, 185, 138, 230]]
[[91, 186, 138, 233]]
[[92, 190, 138, 236]]
[[91, 191, 138, 238]]
[[92, 193, 140, 241]]
[[93, 194, 140, 241]]
[[93, 195, 143, 245]]
[[92, 194, 144, 246]]
[[91, 195, 144, 248]]
[[89, 195, 146, 252]]
[[86, 202, 144, 260]]
[[84, 202, 144, 262]]
[[84, 202, 144, 262]]
[]
[]
[]
[]
[]
[]
[]
[]
[]
[]
[]
[]
[]
[]
[]
[]
[]
[]
[]
[]
[]
[]
[]
[]
[]
[]
[]
