face02_30deg.mp4
2
4
False
187
145
60
60
0
[]
[]
[]
[]
[]
[]
[]
[]
[]
[]
[]
[]
[]
[]
[]
[]
[]
[]
[]
[]
[]
[]
[]
[]
[]
[]
[]
[]
[]
[]
[]
[]
[]
[]
[]
[]
[]
[]
[]
[]
[]
[]
[]
[]
[]
[]
[]
[]
[]
[[131, 144, 154, 167]]
[[132, 146, 153, 167]]
[]
[[131, 146, 154, 169]]
[]
[]
[[129, 148, 153, 172]]
[[129, 148, 153, 172]]
[[129, 150, 153, 174]]
[[127, 150, 151, 174]]
[[127, 150, 151, 174]]
[[126, 151, 149, 174]]
[[126, 151, 150, 175]]
[[125, 151, 149, 175]]
[[123, 151, 148, 176]]
[[123, 152, 147, 176]]
[[121, 152, 145, 176]]
[[120, 151, 144, 175]]
[[118, 151, 145, 178]]
[[119, 155, 142, 178]]
[]
[[116, 153, 145, 182]]
[]
[[116, 156, 146, 186]]
[[117, 157, 144, 184]]
[[117, 157, 146, 186]]
[[116, 157, 147, 188]]
[[117, 157, 148, 188]]
[[116, 156, 148, 188]]
[[114, 156, 150, 192]]
[[117, 157, 150, 190]]
[[115, 156, 151, 192]]
[[116, 158, 151, 193]]
[[116, 160, 150, 194]]
[[116, 161, 151, 196]]
[[115, 161, 153, 199]]
[[116, 162, 152, 198]]
[[114, 164, 150, 200]]
[[113, 164, 152, 203]]
[[113, 166, 149, 202]]
[[111, 166, 150, 205]]
[[111, 167, 149, 205]]
[[110, 167, 151, 208]]
[[108, 168, 149, 209]]
[[106, 168, 148, 210]]
[[103, 170, 146, 213]]
[[100, 170, 146, 216]]
[[100, 172, 146, 218]]
[[99, 178, 145, 224]]
[[97, 179, 142, 224]]
[[97, 179, 144, 226]]
[[96, 181, 145, 230]]
[[96, 183, 144, 231]]
[[94, 184, 145, 235]]
[[94, 185, 146, 237]]
[[93, 185, 145, 237]]
[[94, 187, 145, 238]]
[[91, 185, 146, 240]]
[[90, 185, 146, 241]]
[[89, 185, 144, 240]]
[[88, 185, 144, 241]]
[[85, 185, 144, 244]]
[[82, 187, 142, 247]]
[[82, 188, 142, 248]]
[[80, 187, 140, 247]]
[]
[]
[]
[]
[]
[]
[]
[]
[]
[]
[]
[]
[]
[]
[]
[]
[]
[]
[]
[]
[]
[]
[]
[]
[]
[]
[]
[]
[]
[]
[]
