face02_60deg.mp4
2
4
True
193
162
25
25
0
[]
[]
[]
[]
[]
[]
[]
[]
[]
[]
[]
[]
[]
[]
[]
[]
[]
[]
[]
[]
[]
[]
[]
[]
[]
[]
[]
[]
[]
[]
[]
[]
[]
[]
[]
[]
[]
[]
[]
[]
[]
[]
[]
[]
[]
[]
[]
[]
[]
[]
[]
[]
[]
[]
[]
[]
[]
[]
[]
[]
[]
[]
[]
[]
[]
[]
[]
[]
[]
[]
[]
[]
[]
[]
[]
[]
[]
[]
[]
[]
[]
[]
[]
[]
[[175, 287, 218, 330]]
[]
[]
[]
[]
[]
[]
[]
[]
[]
[]
[[114, 160, 137, 183]]
[]
[]
[]
[]
[]
[]
[]
[]
[]
[]
[]
[]
[[108, 169, 134, 195]]
[]
[[105, 169, 138, 202]]
[]
[[102, 169, 141, 208]]
[]
[[100, 172, 136, 208]]
[[100, 170, 138, 208]]
[[99, 172, 138, 211]]
[]
[[96, 180, 136, 220]]
[[96, 181, 136, 221]]
[[93, 182, 137, 226]]
[[93, 185, 138, 230]]
[[91, 186, 138, 233]]
[[92, 190, 138, 236]]
[[91, 191, 138, 238]]
[[92, 193, 140, 241]]
[[92, 193, 142, 243]]
[[93, 195, 143, 245]]
[[92, 194, 144, 246]]
[[91, 195, 144, 248]]
[[89, 195, 146, 252]]
[[88, 199, 144, 255]]
[[84, 202, 144, 262]]
[[84, 202, 144, 262]]
[[82, 202, 142, 262]]
[]
[]
[]
[]
[]
[]
[]
[]
[]
[]
[]
[]
[]
[]
[]
[]
[]
[]
[]
[]
[]
[]
[]
[]
[]
[]
[]
